% # columns="iteration, evaluation, sigma, axis ratio, bestever, best, median, worst objective function value, interquartile range, 25%tile, current best feasible f-value, further/more values", seed=1064343, Wed Oct  8 16:56:08 2025, <python>{}</python>
1 7 21.51999579385133 1.0000333338888951 6.125988765843794 6.1259887658437941e+00 1340000014.8855698 1340000050.9325113 670000015.2124162 670000025.9943933 nan   
2 14 21.32389974502106 1.535719994459772 6.125988765843794 6.7000003300000000e+08 670000037.4145215 1340000050.7597413 669999980.1567469 670000034.7787609 nan   
3 21 18.300455700664752 1.6725577856322746 6.125988765843794 1.0238678994267760e+01 1340000024.0862174 2010000021.8054967 669999999.9054648 670000032.25677 nan   
4 28 23.45251150507854 1.551570462199171 6.125988765843794 6.7000003300000000e+08 670000037.2894613 2010000031.1767273 502500004.00408196 670000033.8183944 nan   
5 35 20.991523600097477 2.1656640357449617 6.125988765843794 6.7000002925748324e+08 1340000026.1686792 1340000040.263144 670000000.0 670000033.0 nan   
6 42 26.916547360694935 2.739424805125101 6.125988765843794 6.7000001883420408e+08 670000030.0378478 2010000049.8351092 670000014.3214787 670000027.6140114 nan   
7 49 40.23916882522167 4.6541129446649405 6.125988765843794 1.3400000005433750e+09 1340000009.9234009 1340000034.3866353 23.792771100997925 1340000003.71436 nan   
8 56 57.67085053431832 5.087002429575551 6.125988765843794 6.6999999031767619e+08 2009999981.8842068 2010000022.3184507 670000028.2292266 1339999983.0239067 nan   
9 63 94.14433217788563 5.053589265589677 6.125988765843794 1.3399999473059304e+09 2009999932.3535395 2010000033.0 670000040.2786899 1339999968.6299958 nan   
10 70 127.73615775275397 4.867615400126575 6.125988765843794 6.6999995450410867e+08 1339999905.0927873 2009999929.090085 195.04420709609985 1339999831.8929684 nan   
11 77 175.04278881543433 5.049667965226682 6.125988765843794 1.3399998123779244e+09 1340000047.6218328 2009999888.8704076 669999986.151509 1339999858.1821644 nan   
12 84 189.38484649206592 5.628847840989266 6.125988765843794 1.3399998514187124e+09 2009999777.2847698 2009999978.1544628 670000039.9415257 1339999872.648439 nan   
13 91 177.38888625787294 4.77531556980059 6.125988765843794 1.3399999115460110e+09 2009999845.3710828 2009999895.3908415 175.18985533714294 2009999712.5953395 nan   
14 98 214.0309664632118 5.814608939031075 6.125988765843794 1.3399998498731403e+09 2009999837.3730893 2010000041.2578135 209.8876657485962 2009999791.8321056 nan   
15 105 226.074850083735 4.427151757753273 6.125988765843794 2.0099997320346675e+09 2009999823.730428 2009999908.1896272 99.89765620231628 2009999770.8631868 nan   
16 112 247.3605536694143 4.747160243273354 6.125988765843794 1.3399996829053452e+09 2009999734.9067974 2009999854.0752568 502500091.5799501 1507499692.9386451 nan   
17 119 229.63134263671228 5.252539653739769 6.125988765843794 1.3399996244728525e+09 2009999575.4166806 2009999733.1631818 670000015.6944003 1339999688.4065027 nan   
18 126 216.48460325798413 5.5923436925464625 6.125988765843794 1.3399995912807388e+09 2009999585.6520875 2009999670.8756132 669999982.2405584 1339999668.8632221 nan   
19 133 205.59632564540345 6.279076015569519 6.125988765843794 1.3399995614812508e+09 2009999484.3649583 2009999582.3300247 669999933.751935 1339999640.6550386 nan   
20 140 160.06738945604715 6.434052508201802 6.125988765843794 1.3399996089932222e+09 2009999518.0860586 2009999760.6595216 669999977.0398798 1339999638.6716156 nan   
21 147 141.89967566860608 6.71007143805859 6.125988765843794 1.3399996140568409e+09 2009999612.7466867 2009999635.2033627 669999966.9177644 1339999655.9636889 nan   
22 154 125.44535966288562 7.405108549212861 6.125988765843794 1.3399995789536853e+09 1339999645.6917596 2009999575.8948364 502500004.93438816 1339999609.274991 nan   
23 161 113.27728744615649 6.541535108536016 6.125988765843794 1.3399995737858324e+09 1339999710.669985 2009999654.544147 669999899.5576191 1339999633.0146604 nan   
24 168 118.39415440344735 6.352243443553635 6.125988765843794 1.3399995509484310e+09 1339999590.5587826 2009999618.0970204 109.54737544059753 1339999565.599652 nan   
25 175 143.42792482605415 5.759352725748731 6.125988765843794 1.3399994854233909e+09 1339999588.0386004 2009999493.2814841 135.21805810928345 1339999505.2006092 nan   
26 182 134.879637800639 7.431513499246002 6.125988765843794 1.3399994977134073e+09 2009999424.2774053 2009999516.498104 669999926.2865214 1339999530.8525157 nan   
27 189 126.07199175971508 7.835430723285383 6.125988765843794 1.3399994713756192e+09 1339999555.1466227 2009999537.91592 502500016.4781878 1339999507.551119 nan   
28 196 105.79850143709714 8.565886263600877 6.125988765843794 1.3399994721585884e+09 1339999538.9830449 2009999534.3561597 502499977.96126723 1339999501.2813132 nan   
29 203 88.7423275156511 9.505562093467349 6.125988765843794 1.3399994581805208e+09 1339999578.2793365 2009999516.2258968 669999979.6457627 1339999501.345212 nan   
30 210 96.98983718759006 12.420589836538221 6.125988765843794 1.3399994577806106e+09 1339999504.8231008 1339999536.9066384 47.56707286834717 1339999482.9999986 nan   
31 217 87.59410809568809 12.671055504503217 6.125988765843794 1.3399994416423955e+09 1339999492.8283875 1339999511.814308 34.46220779418945 1339999468.4420395 nan   
32 224 84.07143396865213 13.976625112142479 6.125988765843794 1.3399994260786047e+09 1339999460.0821702 2009999406.359454 54.31282377243042 1339999448.4733105 nan   
33 231 89.85410104481613 13.866811555347017 6.125988765843794 1.3399994262396460e+09 1339999480.6009295 2009999433.124454 669999981.6285973 1339999433.8331485 nan   
34 238 73.58674669838594 15.340507703756204 6.125988765843794 1.3399994257975092e+09 1339999464.3063912 2009999411.0053174 502499967.0317819 1339999451.6679552 nan   
35 245 78.32332012611764 14.596665413954772 6.125988765843794 1.3399993977247396e+09 1339999457.420722 2009999415.692494 669999956.5224798 1339999446.3249176 nan   
36 252 65.63480403838678 13.47123277535267 6.125988765843794 1.3399994102541318e+09 1339999448.3038085 2009999426.0805974 669999937.2034769 1339999430.300461 nan   
37 259 81.90320641967158 13.197683241152683 6.125988765843794 1.3399994015850048e+09 1339999411.0827637 1339999448.6079 35.00097322463989 1339999404.6412177 nan   
38 266 112.8869495422904 10.489788110228153 6.125988765843794 1.3399993636785450e+09 1339999410.8560023 2009999438.1731455 502500023.02542925 1339999389.8350203 nan   
39 273 140.2427753790044 11.547307826924168 6.125988765843794 1.3399993377840929e+09 1339999353.956687 1339999374.4882674 21.860328912734985 1339999346.1127899 nan   
40 280 179.8764943120974 15.76594494714439 6.125988765843794 1.3399992841080706e+09 1339999329.8704734 1339999370.381226 52.23554992675781 1339999294.9119792 nan   
41 287 208.45163467228528 20.303864105811027 6.125988765843794 1.3399992678703113e+09 1339999277.8070698 2009999113.6123123 70.37452745437622 1339999272.335166 nan   
42 294 213.6946591536736 18.30794690339343 6.125988765843794 1.3399992574011278e+09 1339999338.0156283 2009999279.322849 502499948.9316602 1339999300.5681586 nan   
43 301 196.9915354734469 19.79457553295684 6.125988765843794 1.3399992195340681e+09 1339999297.309986 1339999359.925624 39.38427114486694 1339999290.7799563 nan   
44 308 208.7741869200806 18.65654414153254 6.125988765843794 1.3399991401605086e+09 1339999245.9257402 1339999275.1015868 25.241455554962158 1339999236.0005894 nan   
45 315 270.0022224882409 23.63205911759008 6.125988765843794 1.3399990920233023e+09 1339999134.1983886 1339999335.4948435 66.9448835849762 1339999103.286156 nan   
46 322 308.1530817122017 24.941612206109053 6.125988765843794 1.3399989667072716e+09 1339999098.6722746 2009999126.5758986 502499944.6711526 1339999055.2535963 nan   
47 329 326.48546273109963 31.93186291775877 6.125988765843794 1.3399988325264106e+09 1339999040.3970716 2009998865.9517508 166.10985589027405 1339999011.2424593 nan   
48 336 416.73344863862036 36.45794066003258 6.125988765843794 1.3399986556778455e+09 1339998809.30551 1339999477.218437 560.4319224357605 1339998740.1964617 nan   
49 343 539.2757097353079 40.507505836985054 6.125988765843794 1.3399984260463219e+09 1339998724.3753064 2009998298.3331866 471.3015251159668 1339998567.3978953 nan   
50 350 559.0631684355885 48.84188932220613 6.125988765843794 1.3399983193594232e+09 1339999180.3424969 2009998749.9979649 669999956.2067971 1339998443.417941 nan   
51 357 872.5470714955466 61.344236758991684 6.125988765843794 1.3399980542379127e+09 1339998435.721415 2009998525.2092252 502500143.1009197 1339998136.4295435 nan   
52 364 980.9830501299272 67.67806146846756 6.125988765843794 1.3399984906575930e+09 2009997027.779833 2009999139.79203 502500093.2802818 1507498466.4638247 nan   
53 371 1038.0727754232753 74.63861473733112 6.125988765843794 1.3399976246948130e+09 1339998021.43199 2009998975.540893 502501189.7327273 1339997744.768467 nan   
54 378 1147.872860149331 97.1153768523212 6.125988765843794 1.3399969475759897e+09 1339997830.3747149 2009998345.6010106 436.8480951786041 1339997622.338499 nan   
55 385 1337.8635538069902 123.74986924029905 6.125988765843794 1.3399963258599892e+09 1339997736.677771 2009997598.293724 502500226.9462335 1339996970.980166 nan   
56 392 1470.2649427407894 131.12622003419807 6.125988765843794 1.3399962802301595e+09 1339997026.1570017 2009997036.8036313 502498817.1976757 1339996606.6362505 nan   
57 399 1735.650364714114 136.76620440550013 6.125988765843794 1.3399973149016199e+09 2009997257.9702468 2009997887.7122402 502500879.0550158 1507496767.4571576 nan   
58 406 2005.687601354648 143.88207124922678 6.125988765843794 1.3399967341648068e+09 2009994222.5931706 2009997988.7636557 669999193.0539498 1339997323.3102746 nan   
59 413 2429.0303923799975 158.09652202123112 6.125988765843794 1.3399955821980748e+09 2009993283.778986 2009998323.3238904 669997342.6239645 1339998544.5274184 nan   
60 420 2310.7788442966767 159.93064308970065 6.125988765843794 1.3399955580357885e+09 1339997918.7668567 2009999777.272503 502501298.44234276 1339996094.591302 nan   
61 427 2580.5911041460736 173.1366141523665 6.125988765843794 1.3399950313347855e+09 1339996388.3388076 2009997777.3232079 502500776.42624736 1339995428.8844552 nan   
62 434 2597.332504012795 190.52783095648587 6.125988765843794 1.3399938226407783e+09 2009992139.7122808 2009994568.5641463 669996470.8260226 1339997181.7661934 nan   
63 441 2834.9545461702783 208.31129345272845 6.125988765843794 1.3399923049123828e+09 1339995094.3140244 2009996638.2959561 3303.2695405483246 1339993317.942055 nan   
64 448 2817.3304791474297 270.25292881198914 6.125988765843794 1.3399921549975328e+09 1339996883.880015 2009995612.9702673 670000330.6373959 1339993700.100624 nan   
65 455 3559.5614394990894 307.1204421603618 6.125988765843794 1.3399890700498314e+09 1339992870.2446117 2009993057.4241347 502500765.22242594 1339990447.6202955 nan   
66 462 3549.57388208107 413.9517332999778 6.125988765843794 1.3399874121442256e+09 1339991041.114716 2009992286.2181635 669999363.3145399 1339989841.6052542 nan   
67 469 4101.8168506253905 505.42269481228305 6.125988765843794 1.3399822005391374e+09 1339988898.8186522 1339991414.6506667 3097.508220911026 1339987709.2997432 nan   
